[zerocopy] NVIDIA GeForce RTX 5080, 84 SMs
  copy engine H2D 1 GiB               57.9 GB/s
  VRAM read, all SMs                 910.3 GB/s (2.36 ms per 2 GiB)
  zero-copy read of mapped pinned RAM, alone:
    blocks  threads  loads/thr   GB/s
         1      256          4    25.1
         1      256          8    26.3
         1      512          4    46.2
         1      512          8    41.0
         1     1024          4    53.9
         1     1024          8    53.9
         2      256          4    48.0
         2      256          8    41.8
         2      512          4    53.9
         2      512          8    51.8
         2     1024          4    53.7
         2     1024          8    53.7
         4      256          4    53.9
         4      256          8    53.9
         4      512          4    53.7
         4      512          8    53.8
         4     1024          4    53.7
         4     1024          8    53.7
         8      256          4    53.7
         8      256          8    53.7
         8      512          4    53.7
         8      512          8    53.7
         8     1024          4    53.7
         8     1024          8    53.7
        12      256          4    46.7
        12      256          8    50.3
        12      512          4    47.4
        12      512          8    51.2
        12     1024          4    49.7
        12     1024          8    52.1
        16      256          4    53.7
        16      256          8    53.7
        16      512          4    53.7
        16      512          8    53.7
        16     1024          4    53.7
        16     1024          8    53.7
        24      256          4    44.7
        24      256          8    49.7
        24      512          4    50.7
        24      512          8    51.2
        24     1024          4    51.6
        24     1024          8    51.6
        32      256          4    53.7
        32      256          8    53.7
        32      512          4    53.6
        32      512          8    53.7
        32     1024          4    53.7
        32     1024          8    53.7
        48      256          4    52.0
        48      256          8    51.9
        48      512          4    52.3
        48      512          8    52.2
        48     1024          4    52.5
        48     1024          8    52.5
        84      256          4    52.9
        84      256          8    52.9
        84      512          4    52.9
        84      512          8    52.8
        84     1024          4    46.2
        84     1024          8    52.9
       168      256          4    52.8
       168      256          8    52.6
       168      512          4    52.5
       168      512          8    52.4
       168     1024          4    52.5
       168     1024          8    52.4
       336      256          4    51.6
       336      256          8    51.4
       336      512          4    51.4
       336      512          8    51.4
       336     1024          4    52.1
       336     1024          8    52.0
  together (zero-copy 1024 thr x 8 loads on G blocks; VRAM reader 672 blocks, alone 910.0 GB/s):
    blocks   zc GB/s  (alone)   VRAM GB/s   slowdown
         1      41.9  ( 53.9)       900.9       1.0%
         2      52.2  ( 53.9)       895.0       1.6%
         4      53.7  ( 53.9)       904.2       0.6%
         8      53.7  ( 53.7)       903.0       0.8%
        12      51.7  ( 52.1)       594.6      34.7%
        16      53.7  ( 53.7)       537.5      40.9%
        24      51.3  ( 51.6)       506.9      44.3%
        32      53.7  ( 53.7)       501.3      44.9%
        48      52.4  ( 52.5)       484.2      46.8%
  together (zero-copy 256 thr x 8 loads on G blocks; VRAM reader 672 blocks, alone 910.0 GB/s):
    blocks   zc GB/s  (alone)   VRAM GB/s   slowdown
         1      20.6  ( 53.9)       909.8       0.0%
         2      30.6  ( 53.9)       908.6       0.2%
         4      41.6  ( 53.9)       906.2       0.4%
         8      53.1  ( 53.7)       901.2       1.0%
        12      50.5  ( 52.1)       903.4       0.7%
        16      53.2  ( 53.7)       893.2       1.8%
        24      50.0  ( 51.6)       892.1       2.0%
        32      53.6  ( 53.7)       863.8       5.1%
        48      52.2  ( 52.5)       696.7      23.4%
  together (zero-copy 1024 thr x 8 loads on G blocks; VRAM reader 8192 blocks, alone 917.0 GB/s):
    blocks   zc GB/s  (alone)   VRAM GB/s   slowdown
         1      42.3  ( 53.9)       916.1       0.1%
         2      53.8  ( 53.9)       914.2       0.3%
         4      53.7  ( 53.9)       912.5       0.5%
         8      53.7  ( 53.7)       908.4       0.9%
        12      51.7  ( 52.1)       824.5      10.1%
        16      53.7  ( 53.7)       767.8      16.3%
        24      51.3  ( 51.6)       708.2      22.8%
        32      53.6  ( 53.7)       741.3      19.2%
        48      52.4  ( 52.5)       643.3      29.8%
  together (zero-copy 256 thr x 8 loads on G blocks; VRAM reader 8192 blocks, alone 917.0 GB/s):
    blocks   zc GB/s  (alone)   VRAM GB/s   slowdown
         1      22.1  ( 53.9)       916.7       0.0%
         2      34.8  ( 53.9)       916.3       0.1%
         4      50.8  ( 53.9)       915.7       0.1%
         8      53.8  ( 53.7)       914.1       0.3%
        12      51.6  ( 52.1)       913.0       0.4%
        16      53.7  ( 53.7)       912.2       0.5%
        24      50.5  ( 51.6)       910.3       0.7%
        32      53.7  ( 53.7)       905.9       1.2%
        48      52.3  ( 52.5)       865.3       5.6%
    copy engine   57.2  ( 57.9)       847.3                7.6%
[done]
